ave_flot_air_flow,ave_flot_level,iron_feed,starch_flow,amina_flow,ore_pulp_flow,ore_pulp_pH,ore_pulp_density
0.5262995983552486,1.6334282776716944,-0.6761109687877193,-1.8913262718095727,0.9475678212636488,-0.8942569613154832,0.3782178290335662,0.4705537770750251
0.6364555331154419,1.6360407457916473,1.120387068585119,-0.0768004927626859,-1.7684716736821797,-0.18575198536417303,0.47640802178699365,-0.14822290587512865
0.5743147984145789,-0.5910342245449629,-1.04277902524372,-1.5488310691892757,1.1039270870944509,-0.08308714859926226,-0.12041794553056849,1.9408871691087786
-2.0614352655238677,-0.857540013514829,1.120387068585119,0.15934052334745444,0.3736918793283607,-0.11472930764293081,-0.15807921619937507,0.6800552383652801
0.6094441814550823,0.5990377974308939,1.120387068585119,-0.4301708609154439,-0.1169440222933757,-1.099833534648416,0.01602348163913475,0.5872175960802869
-0.7580872019805435,0.26895103509158425,-0.032248879221524716,-0.6062744207132985,0.8107373796395955,-0.14285314448460304,2.180488402568131,0.23444043069919487
-2.0603594407639987,-0.6279980864436827,-0.8831292973131306,-1.1956918642462768,-1.0137901202749064,1.897201964499789,-0.3802434890174213,-1.937509293647121
-2.048728826724312,1.6355381702626002,-0.8533046228645479,-0.32736195174714466,-0.7804907919969846,-0.8128644918418984,-0.12213821718057197,0.6909276392670677
0.604482199074331,-0.8183009261785416,-0.7690937773626694,2.0268027403616813,-2.444548919275247,-0.3125090450718295,1.1195668023898593,-2.7407191446089834
0.609170483337818,-0.8465184108049448,1.120387068585119,0.3925255637978901,-2.1399934756200194,-0.33250792916531974,0.2802715835540896,-1.5910630706834032
0.6042571057120496,-0.590977205627137,1.120387068585119,-0.04440027025069381,-0.06474689271746699,-0.7906435095159533,0.6724961611010334,0.4103906849403916
-2.0554199825379706,-0.5816534567743032,1.120387068585119,0.5480778908856929,-0.08206924558215135,-0.18766221016079365,-0.0004853152372606173,1.88318889265073
0.6293589425162401,-0.6033656112377959,1.120387068585119,0.07710085029279802,0.41647866971520897,-0.4927134149009883,-0.05769708266619337,-0.5017935181365694
0.6076539557079844,-0.3366504868876813,-0.9708489280442285,-0.7202803870867809,1.065233012389693,-0.833379916314181,-1.0593130818147318,1.3526997257833884
0.5902321147481366,-0.8451897214182553,-1.4147102595435728,0.5209894999956262,1.3196278234358507,-0.06594710433721129,-0.9184089100070834,1.743303856247315
0.5951189672179548,-0.8501880129635853,-0.3427763720095856,-0.7916553593901028,1.5222157962594955,0.8689584941738846,0.04629709306253507,1.0260627346410178
0.5880509763678846,-0.6012491416578185,1.120387068585119,0.16227534943040858,0.3693719140477083,0.0017684154881187032,0.19622523866044156,-0.884856459579072
0.6266830136575873,-1.5507128077211954,-1.2182182867059146,-0.0692592754002437,1.5094419407209607,1.0641327889385785,0.9618595121689171,0.9304161920092722
-0.8035062709268532,0.9388957231941696,1.120387068585119,0.1542991953813978,0.6411409743115634,2.5664582079143083,-1.1760583607969737,0.7463141856684111
0.6025593475476094,1.6359956975443175,1.120387068585119,0.46946565717110145,-2.008808044833751,-0.1399065902493333,-0.376578242544017,-0.6576818650823429
0.603994669672138,-0.8891483763089625,1.120387068585119,-1.0297661625516823,0.18585952730651684,1.4901519027279015,0.2813120856542861,-0.2314683446341238
-2.032399851825612,-0.6007746352871558,-0.17435468100590593,0.21570258010639642,0.2746107123709724,-1.4346361657257014,0.1981504033804009,0.7759626556489512
-0.6936970155090487,-0.6054691745086782,-0.032248879221524716,0.047707930403422444,1.050131601143419,-1.7336123358243702,0.7916794034810575,0.34385078181046
-2.0869111218451244,-0.6334499700847946,-0.8533046228645479,1.2839094332361838,0.041278638947729,1.8592995959618126,1.510869172454337,0.06920149850688201
0.5700043864841209,-0.8618921365228042,1.120387068585119,0.764743101424005,1.1053775345886385,-0.08572507808002804,1.124743842757894,0.2988229173248691
-2.0545322048332344,-0.614033872777393,-0.8831292973131306,-1.8826289343610025,-0.235580966217475,-0.2560079742215166,0.06509122120629492,-0.4090537038460026
-2.054875994563678,0.21063224922094773,-0.8831292973131306,-1.457567187086199,0.6061700140795162,0.15636667673597957,0.45490632417086124,1.1040406419051145
0.6190679229433885,-0.6065168420860979,1.120387068585119,-0.14720584491656094,-1.8789213908163749,0.4687144204095966,-0.4493290551185461,-1.7207561917098861
0.6085380287820124,-0.7759403557980904,0.4116124522778158,-0.7565423183230021,-1.0760240216240375,-0.40394643813454045,0.23518699545375218,-0.8677669209602621
-0.7332488385128554,1.0274477028061426,1.120387068585119,-0.7277359148335127,0.7561167886986179,-0.5533403114173837,-0.19794337037168616,-0.21588389533242427
0.6049006741600079,-0.6106559697157274,-0.6041808715882379,-1.3808503490758566,-0.9084990887230472,0.3051887820520297,0.06239063243703495,-1.4275674782070538
0.5979490087144005,0.14035659811754686,-1.2182182867059146,-0.20217966405892412,0.6568970319747583,-2.00683945534991,1.0835426009365743,-0.34714095240814963
0.6048624423710233,-0.5311410232319842,1.120387068585119,-1.0181687450739658,-0.5545720313809069,-1.2315740719714139,-0.17134651414841273,-0.4203995022842173
0.6088443276495986,-0.8455673616736984,-1.4147102595435728,-0.56643641078552,1.215690884864397,-0.3476337908192042,-0.7123306298574279,0.49729230443501155
0.5944457617243013,-0.9597194553043943,-0.7041812506216953,-0.4635097463538335,0.5937008679349739,-0.7698259576522928,0.3972221329415318,-0.004039060013885741
0.5926645752761566,-0.5951635830067148,1.120387068585119,-0.12706560420428306,-0.3975170808309663,0.2951698479155408,-0.42194620945749045,-0.8234103589194065
0.6433522218412401,-0.12428127091798893,1.120387068585119,-0.22976124348468635,-1.5493106389952433,0.7811986087119188,1.6319617314715105,-1.9517685671847813
-2.1672447052504364,1.6374896922588855,-0.932252290522548,0.09565417595436591,-0.9454852860836296,1.894742712508347,0.24303538110501421,0.6420946031347953
0.6058297955435286,-0.858794347150575,1.199334736243033,-0.16552978771520968,0.18758830853587996,-0.12426743689865166,-0.9769087114955747,-1.1377811813538121
0.5766014446776045,-0.5646787570739992,1.120387068585119,-1.2896854901466983,0.5354441765464738,-0.923274185604638,-0.21291603522624897,-0.63745958172131
-0.7226401098098376,1.6119240551305312,1.120387068585119,-0.413199793238294,-0.6067629197150233,0.3117901031172696,0.5704722416610646,-1.0740119469406049
0.6114652797884241,1.61164388640353,-1.393657548168108,0.1443876749708041,1.2355388032450572,1.3447928920263788,1.4039059338877151,0.7709947926657622
0.5832256207679292,0.29768817982464374,1.120387068585119,-0.13420198238065117,-1.2366774755519123,-0.8393639878703465,0.46653711890739175,0.057910798594276676
0.6073590671030055,-0.09439628565189209,-1.5024298902746682,2.278312668154977,2.7276484673440566,3.3207082650416684,-2.5098428627444025,-0.0963706954309943
0.5953917762238919,-0.15749074528847273,-1.3147098805101427,-0.7964272688036944,0.06041078094044942,2.6256570943201134,-1.3708828041785848,-0.47662923436562804
0.600724814417137,-1.2117168466794326,-2.1129585201630543,1.7810527400030602,1.7907769437364784,-0.8722893761559083,-0.8722008060397171,1.429045479783543
0.6034733540378052,1.619702596814134,-0.9831296763465582,-0.5797076890679744,-1.45899662133604,0.4723789332848875,0.8647054821596953,-2.154219666115498
0.6135480231768377,-0.8426136881666413,-0.5392683448472538,-1.3769943319949292,-0.21985585827387588,0.30015332553061624,-0.44058808280615547,0.7844343350773951
0.6123161593712303,-0.855222629302121,-1.2182182867059146,0.42393014381277416,3.2899999563023368,2.279206851420741,-0.6985839274048871,0.5334639242725303
-2.0487863225930205,-0.5996074811551094,-0.1866354293082369,0.3561362409490669,-0.16660566876363364,-0.8611528955399994,-0.26019294144161537,-0.27467514662515036
0.5948950593374914,-0.5695584289063589,-0.6041808715882379,-1.8066467853238133,0.9176044743638581,0.06503973884800705,-0.22329898211310029,1.889094555029056
-0.8377314277022593,-0.09488746840488796,1.120387068585119,-0.2550591342913423,-0.681639012049731,-0.8645835033376335,0.5524035406388963,-1.0087123228668566
0.37545333347964427,-0.8754147287638004,-2.1129585201630543,2.074386784488698,1.5467992782272677,1.2713142109948918,-0.8086960290816672,0.977119501457531
0.6038411497752814,-0.36905800889176366,-1.0357614547852587,-0.16363825332126092,-0.2101645777075045,0.9110614080548571,0.6509416365423544,-0.4692347873358956
-0.8971568162736759,0.2571417163988977,-0.9462874314395117,2.0104513936427075,0.8066569968222903,-0.07761636874029272,1.1246834691092804,0.32129074671967817
0.5976727914482276,-0.8600234735813368,-2.1515551576847463,-2.6158284114925427,1.231492431578378,-0.9636157233755875,-0.023846143895135917,0.8910103761785498
-0.7334651889466653,1.63236486935055,1.120387068585119,-0.2867325144244813,-1.1011020151335913,-0.9417331946070054,0.215569899012407,0.008693197242394004
0.6173910588962176,-0.8525578479761861,-1.3533065180317734,-1.7024259506212809,1.0023384798712418,-1.14182599335465,-1.1757981881050288,1.0870792916928413
0.596599634022476,0.13542512217669023,0.07126028504118469,-1.72904432060759,-0.96733339421533,-0.2732194894794167,-2.601646420612509,0.5991537358643738
0.5834935396612944,1.598376916135337,1.120387068585119,0.46293190896866,-1.5653563586749601,-0.7838537649159361,0.6848699290506954,0.30452392803662476
0.643104159768508,-0.5035743319701358,-1.5480440982548473,0.9527774814699828,0.6415288290158063,0.5157975632246466,1.2266583349597753,0.16290047692702356
0.6177877507532435,-0.021941146956046598,-0.9410242535956433,0.23506726607510617,-0.04486661392557999,-2.247111948455189,0.1725508443650963,-1.1752538010717033
-0.7469224822997077,0.4934215963118748,-0.032248879221524716,-1.9124418570265758,-0.055417296388012335,-3.1425022346293963,1.5634866938919543,-0.783980556845131
0.6600522525524152,0.644781224253906,-0.9375154683664002,0.4883726382252973,-0.10125832821920294,1.114285935890487,1.6902902227321295,0.48549334873510674
-2.038041411664898,-0.5982572445615431,-0.7690937773626694,0.03415594446443322,-0.43781447070568635,-0.13042043989941862,-2.0670177634253077,-0.8084235599516648
-2.0410621675505576,-0.6005502746515363,1.120387068585119,0.22839087870446906,0.38078064756210095,0.9303585769169058,0.16369082276428706,0.6557073123412238
0.6137194734863641,0.6182117569690289,-0.42698721751144914,-0.26980006297166836,-1.5447234972678285,-0.47978366202678857,0.12282220201329337,0.37104471535157824
-2.0816958909086236,-1.8079090602705274,-0.8831292973131306,0.7600347726854163,0.008317102084714824,0.5255208673335485,-0.6052117404779795,0.03758731385961191
-2.049320530342242,-2.1455659396583213,1.120387068585119,-0.8194871513896425,-1.6064236441986708,-1.4036372456441433,-1.093778699795687,-0.9388586369819707
0.618650633339575,-0.866492864213993,0.34669992553685425,-0.25979030323153185,0.650914416978846,-0.25984141854094345,-0.6290478229510229,0.6026440587932572
0.5944176065308514,0.6380890690750249,-1.0006736024928062,0.14188857123592116,-0.48222577938531647,0.03960256171217477,0.9666531798683313,0.8912568827317023
0.5973045511550878,-0.8394600356654579,1.120387068585119,0.8760153905825625,0.8451620388474274,-0.6505603577753638,0.2325273475649692,0.9531898744442385
0.5896570078758125,-0.8677843206876465,-1.118217907672417,1.741765420957017,1.2911327927909941,-0.40800079280477375,-0.30301861174575306,0.6103342387257289
0.6043763948210937,0.6312480923191262,-0.16558271793275575,0.5151027612068317,0.9774474671261978,1.3354301915780529,-0.7674234708879537,0.6180840150226979
0.588359646199125,2.3822031331321143,-0.6217247977344272,-2.080360399411424,-0.8681916892369931,0.3914744056103574,-0.4411740845329448,-1.5115006566391216
-0.7503159240353703,-0.192284393424536,1.120387068585119,-1.415005619688013,-0.3248011848777481,1.2167168675778075,-0.6753876169394328,-0.8399770237746965
0.5890140321687632,-0.8662706500434294,-1.3954119407827394,0.48396979117255884,0.8876430938827146,0.11502395435551371,-2.201443842737409,0.8356321099723845
0.6029753034843777,0.6259123104223702,-1.453306897065257,2.8112925489539933,0.866898916080817,-1.0536437792808486,2.337729683688859,0.16401818987524977
0.6144927040093922,-0.4881283006506409,-1.0006736024928062,-1.0059194942523988,0.3783407495020308,-1.01409432915874,-0.6542543872474605,0.7299115328304273
0.5915816376252884,1.626030485865977,1.120387068585119,-0.01592678998079707,-2.059030975583368,0.04296819587735163,-0.27505165103443235,-1.1107761570433927
0.642460146764868,-0.8573374477551339,-1.3954119407827394,1.1813956877213332,1.0488881405860664,1.1780770483109635,-1.949209530892312,1.0066163284774539
-2.067829754509812,-1.9611040945220575,1.120387068585119,0.25723862535830144,-1.540230914628458,0.03361849015554381,-1.4753871372380503,-1.0337450448521548
-0.7427346195533296,-1.159504276892804,-0.032248879221524716,-0.26382722591546803,1.5613871977169878,3.0220397851023693,0.9343453538221226,0.8779893826551552
0.5817280608473743,0.12566049490569156,0.3677526369122681,-1.0694026582709777,0.6872115983443984,-1.235063156038512,0.2894115879502369,1.226191824277925
0.60446575051397,-0.8995146268521683,1.120387068585119,-0.020610184166184372,-0.21386409515642876,-1.3245708322158223,0.2704546396229127,0.2937864622996047
0.53939598658395,0.04951976563844274,-1.5480440982548473,0.10222395552231622,1.4309239555533784,-0.5401051824703428,1.1885323758643667,1.1118219030738314
0.5996027558659298,0.6229133134801426,-0.42698721751144914,-0.3909134201802555,-0.8071186653871554,0.844625868790223,0.1349514566861106,0.46649672645409956
0.6060071732622085,1.6254929064452897,1.120387068585119,0.10637518017311964,-1.9644436737122903,-1.4926056406712216,0.4267195656450701,-0.5851306003616511
-0.7212768057064153,-0.10908710525745549,1.120387068585119,0.027220642297453457,-0.7730113904239635,-0.5838779187071531,0.4725965578833722,-1.1537799940573592
0.6012333861217992,-0.6051999307384212,1.120387068585119,0.12337018630434761,0.4671909822188292,0.6914895142744433,0.1448499050429306,0.07266595886248459
0.5804594471050456,-0.8565119668294987,-1.2182182867059146,1.5231871204189877,1.1373810835841318,0.9472257319226101,-0.7235144709266002,0.33676556120004963
-2.038523902769319,-0.6059688055279744,-0.3041797344879113,0.1028888594369988,-0.0011661655872573496,0.22463447243825913,-0.07025404690586369,0.027188310494278528
0.6100961964610846,-0.8592076792672234,-1.4147102595435728,-0.594380714036151,1.1061111797373315,1.0868930524144234,-1.2401576295260908,0.5297374648052973
0.6069088803784246,0.46852661302902143,-1.6006758766934444,0.1844896691826815,-0.7851734332735301,1.2390223156261198,1.0860103738233977,0.2757400084705897
-0.7317336445501034,1.6509389744626706,1.120387068585119,0.17036163073594382,-1.615503454061921,0.5928595400900553,-0.19095606388366088,0.22713298873930746
-2.054963572033791,-0.6011427265249902,1.120387068585119,0.5871161140311392,-0.05036895254078901,0.029992961460205896,-0.0060872351573287705,-0.07447071818791912
0.61520517858863,0.6487842164653557,-0.032248879221524716,0.872588967278971,0.7440228010335707,0.2164607894659337,0.9783169914438947,0.4089502520564493
0.6153358779602995,1.6181146804941016,1.120387068585119,-0.11092598955711033,-0.16530030876709698,-0.2839596309368582,0.3204915649178875,-0.6724212829146522
0.6111650565152187,-0.8593755988794575,-1.2182182867059146,0.8529784758329756,0.9229997286592099,-0.9344951319431135,-1.6377797999262036,0.03774811159769156
0.6453156761206187,-0.36261982455872627,-1.795413456916532,-1.319434494061899,-1.649724097335005,0.12623190596767062,-1.8190943187584143,0.2390252745948812
0.6148776892333563,-1.098645855947182,-1.5568160613278967,-2.2359718065975196,1.5073512102156392,-0.8279838561322579,-1.1512330938250068,1.4289454028696749
0.60629835723647,-0.8527902165775828,1.120387068585119,0.5627330150888533,0.7210408388100401,-0.6944240570985315,0.07185344718559392,-0.3178825108459913
0.6061240914075803,-0.5903597391801813,1.120387068585119,1.0122025745743437,-1.515030404687474,-0.2481201752315905,0.17879819632233843,-1.0190820902798658
0.5997454582411064,-1.0911008386538463,-0.032248879221524716,1.0008455985771674,1.2397440322724045,0.13962946899572143,0.5115747287624107,0.5197668805880739
-2.051295987625155,0.38223274631614834,0.27301543572272885,1.572034597577799,-0.02986117245898142,-0.8154374476896752,0.8013052270809207,0.18713483252071877
-2.1062983434923503,-0.6235972276714845,1.120387068585119,0.49767333812398207,0.05595043046761334,1.2364883439575647,-1.448483884748087,0.11338714267233871
0.5713949566696023,-0.3659048517286732,-1.0357614547852587,0.8501853414791146,-0.14518111010945992,0.9169285270724934,0.6940759671250593,0.30100549361509543
0.5885171670971628,0.666183957524358,-0.2901445935709475,0.49331671112668746,1.1774123229696538,-0.009348573038212587,-1.925394579196274,0.3850622300523541
0.5984331298563303,0.531017585760269,1.120387068585119,-0.03909365193086335,0.2545434100663498,0.2037454495786831,1.185421246284567,-0.16605121452110722
0.5441939279166191,1.6148480633898084,1.120387068585119,0.1012001629823179,-1.3170719798368604,-0.28002872616921093,-0.3563289208011858,-2.2325703317722945
0.6272280389284981,-0.6005219853428853,-0.33926758678035496,2.8886825294721743,1.2843975524316111,0.8204881643048636,1.7928876918338759,0.8688306583459918
0.6314899942892094,0.6385604383044601,1.120387068585119,0.30717492921455497,-0.5851937010455183,-1.81137927660275,0.6094438091722651,0.10151622155119375
-0.7121324434327487,-0.6138502949777858,1.120387068585119,0.3224943097200058,-1.1505065737397122,0.004484313328258553,0.27786531632177625,-0.14021787722482273
0.5838450350236186,0.6501280962201103,-0.2901445935709475,0.2212706984850118,1.4478679010729887,-0.074530121194921,-2.131716240616878,0.8266296855624532
0.6220673401561612,0.6357069331665461,-1.2006743605596815,-0.28937998175017,-1.4001916411305568,-0.35298112077651844,0.8033466110743765,0.684610424636186
-2.0646584424318584,0.3634897171562206,1.120387068585119,-1.6032752015228904,-1.7360981387432046,-1.6718581467838325,-1.0669188408656916,-0.9130506000290717
0.6056414521179412,0.914088672975024,1.120387068585119,-0.05132620626737506,-0.2742186132566723,0.8863519356028375,0.7447200249238529,-1.8167423211729563
-2.0554337637642597,-0.6151365504014957,1.120387068585119,0.5905018943314537,0.15409387221921347,1.528915171896866,-0.22818094627359672,0.2343655135713046
-2.053597156040578,-0.6004059386360993,-0.17435468100590593,0.876910374828302,0.4794245856078972,-1.6319415956372907,0.2839526781102193,0.8876068865245343
0.6099604587916523,-0.42753161825649444,1.120387068585119,-0.9670868765645447,-0.581814966325636,1.6300996927337177,0.2412749232451555,-1.5073646109471783
-0.7390092429054941,-0.6123070141233452,-0.032248879221524716,1.5446185119911284,1.3011559706265932,0.42428545048409144,1.712871853987698,0.5514620263341891
-2.0638188249264138,-0.6032210000345358,-0.17435468100590593,0.24200132779754713,0.34397271032679827,-1.2099313549752548,0.6369058952471347,0.6173587385120403
0.6268969931277432,1.3748311391901948,1.120387068585119,-2.6630805228383836,-2.033168167292027,0.19617927007044375,-0.47560687434247445,-2.076262936172138
-2.083597700132894,-0.6135690530182519,-1.1129547298285873,0.7408322510206559,-0.7055307421356628,-0.5253756599748592,0.8655458078812678,-0.5436661486858213
-2.0576891429440356,-0.6210010231521225,1.120387068585119,0.7564189538617416,-1.0261405973288529,-0.08087154773019933,-0.3807227048532691,-0.6558714849549391
0.5965220590552796,-0.6096907759301525,-0.8726029416253788,-0.32146174192681176,1.316594408929869,-0.016385217441341006,-1.5761458514043771,0.6440972658720582
0.611450609450781,-0.6118532844336451,-1.3673416589487408,-0.14866787546986163,1.185829791734318,-0.3359515316895383,-0.30033632373875135,0.3937869129147922
0.5808145730054511,-0.6340834524633058,1.120387068585119,0.19945567924086086,-0.2458888472747456,0.13378184206792862,0.4512384363503652,-0.0891426684378581
0.6098057534129594,0.3805818670212254,-1.2392709980813819,0.11205767053470975,-1.5214165629885819,0.8933301037371002,-0.37681332243827664,0.4089614966535185
0.5980402908152401,1.648346952798288,1.120387068585119,-0.7045759663007202,-1.0385943541100586,0.7361036590528636,-1.4289631974768875,-0.8568158078790171
0.5782994992124901,0.12121282668406566,-2.009449355900416,0.5575709631978681,0.9270649999766931,1.0255969274838121,0.2330988218825368,0.215999713185608
0.5788440799277191,-0.8574647221252771,1.120387068585119,1.485117330229643,0.8566417344260872,-0.17599294575757926,1.2142307967293013,0.5064184194126545
0.6175746603944784,0.9951363948417725,1.120387068585119,-0.6165410241262593,-1.1350021226674178,-1.4660480582155024,-0.5049758243750331,-1.523389738931472
0.5929335314661034,-0.5981934285043832,-0.5620754488373254,-1.1358621100256487,1.216775578490029,-0.6226996641454489,0.4724426050794146,2.196815322759464
0.5826016127701585,0.6329686216531537,1.120387068585119,0.9697989355121599,0.5745380327120457,0.2928372945075497,0.4803862678949076,-0.5594310737704109
0.6034751322605504,-0.6744580748502786,-0.7533042438310704,0.1535581792464796,1.372491910919335,3.1841574448436294,-0.1009259357424713,0.7810047329726784
0.5666206508809021,0.6154311490865685,-0.9375154683664002,1.6789250902952857,-1.008071518356633,0.013398695711712537,1.2002788238714996,0.7897867632801855
0.6255046447195075,0.6209124503064231,-0.1848810366935854,0.8263432044786145,0.02013322624512928,-0.4614481029262095,0.4261818628371571,0.6621133592889404
0.6025772779602792,-0.2684883608545042,-0.032248879221524716,1.0916110030371788,1.151080523830724,-0.30230168740089575,1.4101923400488978,0.5672460672337748
-2.062681355111455,1.5749756135303727,1.120387068585119,0.43819207123213555,-0.04185478727651437,0.30173218480116015,-1.4824997190469067,-0.10467145698407543
0.5694051254195189,0.42602407324844893,1.120387068585119,-0.15433506327282256,-1.2685065690147246,-0.2815296170804473,1.0978070074259134,-0.7772006872823075
0.6343627131314755,0.6223402348297356,-1.453306897065257,0.6998354105755622,0.8490568302177545,0.03860196777095165,-1.8157194318012706,-0.08677343183632535
0.657403145220158,-0.8615777894676515,-0.9655857502003427,1.683901989978852,1.141711821419115,0.9543923235908522,-0.05646244155217196,0.3204687666742991
-0.7232545598603642,0.6448051931136687,1.120387068585119,-0.16434717461160817,-0.13661504849216033,-0.6135513766846704,-1.3712744782238817,-1.5517004216014023
-2.071833423017011,-0.602593874494839,1.120387068585119,0.9389509162196755,-0.16567427029610607,1.0369738105396398,-0.8173209707881925,-0.28141066026688577
0.5584462350212586,1.6255146462836498,1.120387068585119,0.4254463964545949,-1.6158433025022088,1.1783109533875566,0.996881888390605,0.18109648389700403
0.6085624793447538,-0.7710522769776066,0.4116124522778158,-1.330613751047752,-1.515353837806866,0.1889379587242908,0.13312194646566294,-1.7253878412408077
0.6374834940464645,-0.8406887768332574,1.120387068585119,1.6257843197467696,0.07396231230611039,-0.9921202466365708,0.6855670560244774,-0.36557646929562226
0.6019703112637785,-0.11164742528413821,1.120387068585119,-0.8378246068772695,-0.23637676729474125,0.2840528593889436,0.6778184755610683,-1.847149960555183
0.6038618957072689,-0.6123348356126891,1.120387068585119,-0.46883230236589657,-1.3859728098714579,-0.5109645082792666,-0.32299795007874943,-0.9009182420261779
-2.052498955311185,-0.6171645195762113,1.120387068585119,0.736899109710373,0.2870304415599075,-0.31317177612378344,-0.411464778056338,0.5162810554980649
0.5832831166366743,-1.348855444867407,-1.0410246326291084,-1.2622663253322153,-0.8389439542573822,-0.42781125336421794,-1.7771602917771159,0.8685978951867394
0.6199755574687763,-1.0980327099491103,-2.1129585201630543,2.6593557299290045,1.6635099013443249,-1.2724619789241476,1.1256909543704259,1.7681071884524717
0.5937795209363468,-0.8657752018791051,-1.4147102595435728,-0.1650344436230337,1.3260782750770936,-0.18657715049700394,-1.2009856969685684,1.4031019454360263
0.6022847603189634,0.1202241318580454,-0.2743550600393323,-1.416447846631505,-2.279189839489555,1.2047942060082228,-1.296828298129427,-1.6506933563195643
-2.045817876093052,-0.6115430927146815,-0.17435468100590593,-0.8734256938694489,-0.5544634508729469,1.2401268673793542,-1.635172412976983,-0.9653823925380136
0.6178618433675587,-0.9028204918559322,-0.9708489280442285,-1.0498087636044167,-0.7204173862669729,-0.19412383791573215,-3.217581025049524,-2.4604931519790476
0.6204067764840875,1.6292659792270099,1.120387068585119,-0.17998598559338816,-0.46191814652330226,-0.43744684306882403,0.3991073001192914,0.30588677320084173
-2.001702392603047,-0.5998670658326272,-0.17435468100590593,-0.013119144115659674,-0.5846193358073284,-0.8988051155929361,-0.9631074840916364,0.14565238948956666
0.60708136798456,1.622984899624589,-1.393657548168108,0.04204445906885128,0.3894420377355999,-0.7105310206029978,1.1947093547874799,0.1521888737632932
0.6146807510644977,4.608882900160323,-0.6217247977344272,-2.379247421239378,-3.0886449841501484,3.61751928548581,-1.0719072135818004,-2.5845788097062496
-0.7402200644086504,1.6253288394626428,1.120387068585119,0.7084937100054411,-1.926297032859896,0.09073681051526351,0.36877048503247,-0.4932622423436146
0.5902035149989958,0.630314022276831,-0.2901445935709475,0.11764244803402299,0.7822380955457238,0.9995295061113904,-1.948757860533658,-0.15477288366526273
0.6125251005435869,0.6303080231821956,-1.0006736024928062,0.5250814297563531,-0.47246353675468233,1.6832470412518388,-0.10477645385006358,0.5764081649220356
-2.0462553188879804,-0.6138730254923227,1.120387068585119,-0.23034455476632043,0.4086580517584915,-1.318664729018366,-0.6664143947475297,0.7764517956212367
-2.057361653588744,-0.32228462500053995,-0.8831292973131306,-0.2692176198779571,-1.8261209554495483,1.0770008168615184,-1.129834597414465,-0.755304645648216
-0.7281758653958585,-1.1789848782269343,-0.032248879221524716,0.4070615403166445,1.132942149975272,0.4616063050108185,1.030643964697632,0.4214992223805829
-0.7465730615305831,0.13087051596536478,-0.032248879221524716,1.4711781871590843,-0.23275308520847646,0.689241426588487,1.6069632675951593,0.29401697653945136
0.5918974203475004,0.6549870464090723,-0.8129535927282171,-1.4617477057961876,0.4924054280832737,-1.0183501020894707,-1.1773097933319736,0.9335747993247265
0.604103585815193,-0.8472730859026122,-0.7480410659872431,1.612532586729703,1.0330696705049152,0.045229278289161165,1.2465231520280233,0.1958775067384702
0.5923787259701124,1.6238262038502997,1.120387068585119,-0.3103166700121607,-1.198007895583791,0.9537620793553929,0.024370327226683527,-0.8649782608882108
-2.050814830187761,-0.8454390966273817,1.120387068585119,-0.11527648071985404,0.5907641499286209,-0.02164158431322849,-0.6080804321250658,1.019309229644005
0.6210819083857406,0.1388450189008122,0.3677526369122681,-1.1042192779922215,0.3195896320682131,0.8311828242191596,-0.7011903710158426,1.1711753842197883
-0.7334908249912158,1.8146575418075392,1.120387068585119,-0.7568078153589426,-1.1051584803153813,-0.3826578274354991,-0.27421302332177105,-1.5921815332639184
0.5915748211047713,0.12734846951973963,0.3677526369122681,-1.260196548108969,0.6407206736996356,-0.4803554299935152,-1.3288785928307767,1.204806849580398
0.6194892135484014,1.5190706460749397,0.4677530159457481,-1.473241230031563,0.8945749761069246,-0.874660913743254,-1.9702644635087416,1.6116183800234258
0.6261803693620787,0.6321267670517902,-0.9375154683664002,0.7545088336923569,-0.03384453816494077,0.6593795450768571,-0.18447099068498893,0.7316162137454283
0.5710596134972027,-0.5874703495495853,-0.29365337880017195,-0.694074647748476,-0.3367650041779331,0.3618392922571005,-2.209034885711503,-1.5986117560953288
0.6010222221710065,1.2135123436867092,-1.8305013092089535,0.008172404972726458,0.8908598128052841,-0.7781709367556677,0.5110358939485651,0.3244156202439474
0.6024904414162843,-0.8390786803743443,-1.3954119407827394,-0.47949583345980457,0.1504420617966287,0.16662601331318488,-0.09767821078275543,0.30532004550879954
0.5897328787128547,0.3196992020280123,-0.15330196963036494,0.24759697215561602,-0.2750881977814798,-1.240416983359218,1.1072128445436085,-0.7724363515059883
0.6019460088863007,-0.8503494656618776,1.120387068585119,0.8628482558724696,0.9978208467682214,0.365490810405408,1.4218010606701457,0.9567161800837531
0.5633690965016345,1.6109261690310694,-0.6761109687877193,0.07161778128645767,0.44877547157867187,0.9514685101267564,0.8405371559516975,0.20541180058957142
0.5745355203126246,-0.596205499158548,1.120387068585119,0.6634647362473743,-1.938460101667019,0.5459095932218482,0.18586945991545517,-0.9626983072186961
0.5805867382164429,-0.0722722490269186,1.120387068585119,-0.6618492194018476,-0.58749881393173,2.1624308298603983,-0.48561305192846493,-1.218062122654229
-2.0697567552229508,-0.6036206828349487,-0.8831292973131306,0.6292876530668959,-0.8376379102891396,-1.7140292829788586,0.49996091411455035,1.5099728448576897
-2.0548503585191185,-0.8529554118303264,1.120387068585119,0.014770492713466372,0.5282358842575123,-0.7224211953567526,0.07604375573421975,0.9976667536737174
0.637737928084032,0.12552744159118018,-0.8129535927282171,-1.1776403416626942,0.12865089430926205,0.34402352221671056,-1.5734428099556568,0.8602768933589436
0.5915868241082876,1.6438205533392645,-0.9831296763465582,0.8037531809925214,-0.38750091370533574,-0.6963992555275428,0.009050136557322636,0.4650360532954066
-0.6933895311596354,0.10582547916875241,-0.032248879221524716,0.03307876200276642,0.6568441951606452,-1.1464846028070408,2.5886029470931704,-0.11106063703622873
-0.7207843861916777,1.6195385023126947,1.120387068585119,-0.8262904517202738,-0.9472547208811354,-0.48465668446692617,-0.7599652499408054,0.08418604855517753
-0.707258483077783,1.639978986307327,1.120387068585119,0.35721044959630244,-1.7064500600506,0.17914643230160143,0.7901832690015272,-0.02767745196313815
-2.0465061223874392,-0.5763365527624954,1.120387068585119,1.8549982351492262,0.0866671721990314,-0.7969914334139587,0.6154579679118021,0.1871663173924667
-0.7249129748465837,0.6457932550076886,1.120387068585119,0.6502562329584374,0.2266217187021396,3.60346345639982,-1.658858315999099,-1.0826095658561978
0.6122571816502581,-0.8476787402788756,1.120387068585119,0.710966355730911,0.029190550538628006,1.1318353140374569,-1.163325935640981,-1.3946887394088407
0.6085575892321728,0.9903837550946205,-1.453306897065257,-0.04137633885917944,0.32591684055810355,1.543488757673801,-3.0481069107150707,-0.637515804706647
0.5979129997038246,-0.8716758343102384,-1.118217907672417,0.34284148976695605,0.8388182867919584,-0.5687390623272824,-0.6173025069498104,-0.10203684789184622
0.6251399608718399,-0.5593376227739951,-0.33926758678035496,2.396540294035803,1.6697756806255766,0.34399753276380746,2.54261143359018,1.1769359912959962
-2.1022251761129174,-0.6195687255484493,-0.3041797344879113,-0.6506342458302347,-0.5568627381131029,-1.3787588417477883,0.7035112363964303,-1.000489149033492
-0.7743726104220319,2.1402648838364167,1.120387068585119,-0.4471127675867955,-1.781654373306616,-0.6686425197095727,-1.1372360293983808,-0.9616997869993521
0.607594385246076,1.474188557329292,-2.1515551576847463,-2.67748895097295,1.2933953235061666,2.813982577547166,0.2660486839481457,-2.664044417721268
0.6038017325044606,-1.0953490782570063,-0.6603214352561477,2.21328848531664,0.3451196453774551,0.7289208239764405,0.8238849716599226,0.6741754385601809
0.6200372025238844,0.45414386275629876,1.120387068585119,-0.39923807670575284,0.6065655207171834,-0.9109291954234836,0.3096984545557954,0.027911338085561937
-0.7103149516035827,2.0028958949430047,1.120387068585119,-0.3191818289987468,-1.5198506952693913,1.5922352254814298,-0.3149620287815004,-0.3146890452796153
0.6459564290492138,-0.1048137822838359,0.3905597409024045,-0.13243384410325876,1.9738170907644985,-0.6872249786139942,-0.5256696471057382,1.717311970132406
0.6122115405997928,-0.8334403569802191,1.120387068585119,1.5700606348375827,0.4478079081073117,0.8456459548211567,0.2798517980286324,0.270528137731124
0.5852865809277644,-0.5940753252247651,-1.6796235443514906,1.9471590221675097,1.8511053854155264,0.568494427890431,1.282905067349283,1.501732804128739
-0.769419370969761,0.629529489299903,-0.032248879221524716,1.2396252490772364,0.5423707579899789,-1.3560505571774837,1.5609887341808513,0.918067375512902
0.5898693573084415,0.11893085914472896,-2.0059405706711417,1.3562491991286594,0.06918827531065408,-0.884530408525118,0.7190953731108027,-0.37783757793488054
0.6023598902298694,-0.6141584778256107,-0.7024268580070588,-1.112828003325871,0.18892427626615949,1.1301719890444129,-0.17430614360373922,1.591038518475764
0.5669822969313884,0.438910478014586,-1.5024298902746682,0.5626749320160025,1.1956015244723381,0.16190243022780512,-2.0540300709363453,0.4696440891724937
0.5641439570621621,-0.32546060160230655,1.120387068585119,-0.41499541283743285,-0.8055038081946918,0.5113891022577611,-0.01102825229287481,-1.889969245619819
0.6130385623608029,-1.1082300975973667,1.120387068585119,-0.06203810165998222,0.3510834511515232,-0.38204382660822045,0.5235507853018619,0.6788419463420062
0.6088741128805665,2.178540139566878,-0.3269868384779679,-1.4192551985665876,-1.1218991152460684,-1.5231757347777515,1.1146784235291924,-1.743571479154005
-2.1899709846544155,1.9168530306945122,1.120387068585119,-2.2039342876112684,-1.6766812213337599,-1.1780135220908718,-1.517394933271221,-1.6168617522214777
0.6012274587126547,-0.8438569867705048,0.34669992553685425,-0.4602365360710102,1.4215672226465896,0.4783824969305642,-0.7731774569354974,0.8398612029283824
0.6406134624456521,0.7406909617900316,0.37477020737080047,-1.2499142318243255,0.6020686632546565,0.444882091996879,-0.8281225711945986,1.0889751307579199
0.6097466275067418,-0.8439762806936525,-0.6690933983292617,1.3904269555409388,0.8103997754814707,2.1900153855523703,0.9278038689955531,1.6472480102824016
0.5899527855921641,-1.1199997158594959,0.30459450278588945,1.535811361012053,1.4819190903564858,-0.5389291597213923,-0.5080467677449715,1.2565173781015027
-2.0512842809920753,-0.8954294370750003,-0.8831292973131306,-1.8262098983288926,-1.1427027665250276,-1.0206101365384392,0.5582997820959593,0.7096179241244013
-0.7208198024613174,1.6308101406824973,1.120387068585119,-0.5769976470015703,-0.47000423099752225,-0.218453214617731,-0.5035872304570722,-0.6880703886495064
-0.7164674541111663,0.14619861554145894,-0.032248879221524716,-0.6587427841788123,0.5622602276516239,-1.884955418082258,1.7728304337606478,-0.007666567026955755
0.5673601692644084,-0.8256963513689424,-0.32523244586333383,-1.3524444861496538,-1.5165463852205217,0.8245750057907936,-0.9849433121192537,-2.09553804964419
0.5943624816257967,-0.8685680831386593,-1.5638336317864627,0.14689604910747042,1.7975713476482393,-0.5682192732670268,0.4048420420663661,1.4362914981319972
0.6172889592736616,-0.08538407693837327,-1.3568153032610564,0.5217454325661117,1.4550314787118337,0.34920841809261594,-2.174637565420515,0.838401654229399
0.5967417436567345,-0.5973191567769591,1.120387068585119,-0.23393989795500597,0.0926395276193921,0.17953627409747458,0.4410839659898994,0.06728204578792844
0.6329543607185333,-0.8759503543509117,-1.2182182867059146,0.49858730817948715,1.0885621757493245,-0.5561276802528409,-1.6755595538803418,0.2842656619650009
0.6349498230073066,0.13159891062552043,-0.5480403079202956,-1.3170856216087672,0.04087458266375964,0.2468749468538483,-0.9770460615461549,0.06167661415122502
0.6055575792785185,2.204294211559997,1.120387068585119,-0.18622948337336734,-1.6611471087587173,1.645224471493205,0.026174178646473596,0.38560084625175034
0.6026454431654408,-0.7166597517792322,-0.9708489280442285,-1.0424809797051535,-1.1943373614358155,0.5136956662119184,-3.1823811125674064,-2.755777599805209
0.6177683384882922,-0.8549958745324008,1.120387068585119,0.851927561005748,1.2675495339434442,-0.23151941212003757,-0.03352347376389738,0.561683365065911
-2.0627621160610414,0.39329667291387965,0.3221384289320801,0.3356688930666459,0.0811262319307962,0.5874277444101744,0.9181338971651971,0.11484781583102267
-0.7429419306881957,0.1350559026687633,-0.032248879221524716,-2.2213778487985634,-2.369680065358927,0.6600552708551961,1.6758118671255364,-2.5935587693228563
0.6239681120838135,1.483633815367284,1.120387068585119,0.352869054756826,-0.4116292125042809,0.1161317547904773,-0.014444834801092994,-1.5485125783335474
0.6340432257785369,-0.278820260312756,1.199334736243033,0.01611927894704756,0.33719750037097623,1.469704700569473,-0.45138892854196383,-0.4465263235638848
-2.020649059565527,-0.6086935502814821,-0.7690937773626694,0.49020671686378314,-0.45405631927143986,0.5123442146556393,1.12948128749703,-0.7930634403613731
0.6052281635152815,-0.6069256336035955,-2.2357660031866398,-0.6684529756318716,0.6080092994872538,-0.6712479623741099,1.9026903785615514,1.0514136787232387
0.6211198438042799,0.6554828385581768,-1.6550620477467675,0.1088113675117739,-0.33164829735892104,-0.3030293920853068,-0.6382085807889009,-0.8606423442601094
0.5588287010963505,-0.7374134820777107,-0.7690937773626694,-0.1502172467711523,-0.21544868660100422,0.9132575168344089,2.7340185397929937,-0.8920856110319089
0.6195381146738388,-0.6107900825033709,-1.209446323632798,0.5228830990568368,0.7247094920358289,-0.12374115047533646,0.14582550547085532,-0.27448511293473754
0.6362897138445963,0.14194033158259828,-0.2743550600393323,-1.682141777040032,0.09749769313440264,-1.494639315369564,-0.35706547931418303,1.1745937417274224
0.5726700905619754,1.6309895356271302,-1.1673409008819018,-0.760990561395477,-0.7469598486906386,-0.5122055046606744,1.347396198791431,0.4156407873098989
0.568431844837851,-0.7540351295549428,-0.032248879221524716,0.9095828778597705,1.5760735236355732,0.5435705424507976,1.4880535933103631,1.2489385196799863
0.5897659240188493,-0.6106267722872446,-0.390144972604354,0.35287276863198735,1.415537071617269,0.1528775926693468,0.8971880144515804,1.6304789426799244
-2.02684364667804,-0.6102677072101458,-0.17435468100590593,0.41523515325023114,0.78464413700646,0.21839050635160007,-0.7927560651758502,1.3972075276547513
-2.0801765477594634,-0.6027389259986247,-0.21646010375681587,0.5216233106999936,-1.1984458179666917,0.3517577471652499,-0.5508220637860712,-2.1057228434354527
0.6110045719126086,-0.8639745653685501,1.120387068585119,1.037109892183752,0.6628667370047648,0.08511659130080486,0.7194593130113106,0.7745705745323381
-0.7283316080711513,1.9580772343325195,-0.032248879221524716,-1.259006242567106,-1.4490028675153108,2.449593246944151,0.06981451587149594,-1.5550214089271321
-2.0577810177857843,-0.6091754316859158,-0.17435468100590593,-1.2855677715268696,0.13205694514905444,0.403159273866326,-2.40008352337572,0.26642161088314165
0.5531509840612892,0.13870725987445104,-0.7304971398410587,-0.5796053901507247,0.33770111728606145,-0.16304370079386846,-0.6323270554086486,0.8269265429249425
0.5576088402942411,0.1379010145779471,-1.0129543507951408,1.4272993222004775,1.9680045282334158,2.558140699569676,-0.003253635693509391,1.4028084614526297
-0.7335589901963955,-0.05042019761232437,-0.032248879221524716,1.2574731018763423,1.089364731047172,-0.740626807192218,2.131651780874514,0.3462323874687626
0.6048914866758276,1.7011642203166895,1.120387068585119,-0.15939602604408423,0.353624919009585,1.4744022942020825,0.30111615173865797,-0.15750644521169999
-0.7173436733680684,0.6355880520251415,1.120387068585119,-0.8199477126246716,0.34785014591513963,0.3030446521782176,-0.5128700562657231,-0.269154049466421
-2.053925979062888,-2.175092587509881,1.120387068585119,-0.3447567526059518,-1.7068240215795984,-0.8740046800551574,-1.762371577883177,-1.1843652980731438
0.5928807775246939,-0.6217290875868859,-2.0936602014022347,1.1053693987886029,-0.515326846475883,-0.5609552211500324,1.3333083852242562,-0.8813121625843069
0.5721606297459406,1.9204221581303227,-0.16558271793275575,0.6739769140627416,0.6874771503583691,1.1347493814562322,0.5171368398079708,-0.29317363325615475
0.6141669928768545,0.6091652598522244,-1.0006736024928062,-1.6152193954862395,-0.16406069555058023,-1.7785286079941018,-1.5229387435545714,-0.09648314140163236
0.6152644526800839,-0.47788181699228294,-1.0410246326291084,-1.3707067310837242,-0.7262878299034723,0.29088158816831544,-1.410820916070448,1.126191373662724
-2.066488085449768,-0.6155109159217972,-0.8831292973131306,0.1258831249525667,-0.7319100773079911,-0.31781089348646363,-1.4301699157784342,-1.328070124099416
0.5882010880044963,2.1174571103165896,-0.7480410659872431,1.817027618735156,-0.9445435425440812,1.5555868480515784,0.9146529789877036,0.6969873526251933
0.5899564902228818,0.581885615341356,1.120387068585119,1.172899791024178,0.09490877473939223,-0.5322272667935384,2.2888572151413897,0.8192599766462828
0.6469618658254855,-0.5515005486395175,-0.29365337880017195,-1.5823784756452024,-1.6398622085767935,0.5505422132215353,-1.285705019376524,-2.491275095784804
0.603855671927679,0.24484436506188947,-0.6217247977344272,-0.37526272216913614,-1.0768297402910112,-0.15741698421661615,-0.7217338256279892,-2.342703851032255
-2.0376905090434825,-0.34809414516833903,1.120387068585119,0.8875049622740917,-0.4458824726779896,1.6599228994649429,-1.7911835810073296,-0.4126958288352077
-2.0859305801872665,0.5417444490581297,-1.7287465375608806,0.41589757720115594,-1.330230872360485,-0.22592518235927975,1.7768943349825097,-2.6668712677508353
0.6192155154311189,0.6637652766724044,-0.8883924751570003,-0.13940967319339626,-1.2568740912567589,0.30772925108397675,-1.4453293616083742,-2.6909670134791734
-2.038638894506718,-1.115543629488384,1.120387068585119,-0.9092942372557649,-2.097047148833281,1.963994858743403,-1.4241238722057248,-0.9061689066255265
0.59086116104367,0.6265417200210318,-1.453306897065257,0.17275232592372267,1.0292838871248704,0.14081848647099057,-2.953573097055435,0.6007718333819682
0.6082376573235798,2.118274555757666,-0.7480410659872431,1.7386583889139962,1.1535823213299756,-0.43445805597240394,0.8783004958201259,0.3936463554514856
0.6035102521597537,-0.4597051819202702,-1.5059386755038777,1.409253209370962,0.8182845157854086,-0.9442021926435022,0.2852110913483801,0.11144857413838459
0.586120715579737,-0.854589779855611,1.120387068585119,1.2101181122770948,0.7728971794845844,-0.003910279995139232,0.9727456356833989,-0.22242487744492187
-2.0393701886100346,-1.7913238467149886,1.120387068585119,-1.178771832726567,-0.770499931824391,-0.2888196586504113,-1.578198178121734,-1.1951230040848964
0.5865340041823875,0.12260348836947053,0.3677526369122681,-0.9349806207145064,0.7331502158384205,-0.09274872775690436,-0.6989739034413815,1.369449115341037
0.6233572925713863,-0.35819510700190044,-1.209446323632798,1.496106149421394,-0.19287898832188966,0.20670824722233302,1.0748148353598175,0.8764207613646358
-0.682758574672303,-0.6397431854703989,1.120387068585119,-1.0033050975534445,-1.242001981524155,1.7181378819216895,-1.488461050843903,-1.7028300550694317
0.6282463678196768,-0.8582795532819929,-0.9410242535956433,-0.2544305686063992,1.1042473568447218,-1.334167437740542,0.10543270453791752,0.3353183815578316
-0.7308215644678709,-1.17331719229163,-0.032248879221524716,-0.22936246607766633,1.2533026598444899,1.2798160108120966,0.6940876645194615,0.6273900435533717
0.5681074673724132,0.6915519822739016,0.34669992553685425,0.3980432234537018,0.49030469449177905,-0.2947517513009037,-0.46285388441248515,0.8936384883900004
-0.7376278602041839,1.7717421102108457,1.120387068585119,0.04342397833373104,-1.8870167944050549,0.8291816363375776,0.29431090953469025,-1.384818794335363
-2.0668561775576806,-0.856675153211103,1.120387068585119,0.4611110526025684,0.41411657343643504,-2.856772537235494,1.250487059394395,0.8189529991464249
0.5884021753597453,-0.6045807856457158,-1.3147098805101427,-1.0315629820742853,0.17295028811887622,0.004406344968884484,-1.4727359793935813,-1.1704130020354042
0.568435104912905,-0.6170367498679834,-2.0936602014022347,0.7024162278191974,0.6875796606174638,0.5543236786348236,0.9952310464364893,0.6341255571950847
-0.7189745999943832,1.5822271607444123,1.120387068585119,0.0044353075362019816,-1.7456903716572314,-0.578153741681215,0.7533534566746621,-0.9441615889576411
-2.04294130443485,-0.2817736861507749,-0.8831292973131306,-1.1464166943749785,-2.592898477189922,-0.5853734724988663,-1.1178157133179885,-1.1169759145377267
-2.04565176045177,-0.7422815272243639,-0.8831292973131306,-0.12349413681388566,-0.006745750256760321,-0.3811731799319782,-1.4278962819054055,0.0519725268844661
0.594171619051328,0.3525125452197506,-1.2182182867059146,-1.8385851612749542,-1.1617233053054448,2.1781300460464106,2.0168890215784487,-2.2857413880144795
0.6466148160200423,0.6401347328270379,-0.3936537578336445,2.444476888580112,1.1561225067411103,0.5675653049449905,1.5214458810197025,0.769700539543661
0.6121733088108172,-0.3581468665757696,-1.209446323632798,0.9448921718378691,-0.9419612928731765,1.3781958365109794,0.6921470290520333,0.7846277421469369
0.6445847524803838,0.2301597975984147,-1.0129543507951408,1.986611677583731,1.7044227375076977,-2.545468703257518,-0.3228822968081469,1.1455028446615294
-0.7411469630137533,-1.169290836633643,-0.032248879221524716,1.5048719592558253,1.216636903227101,-0.2939948084817938,1.322693943128514,0.4728960266435945
0.6133773137934565,2.4519451650574053,1.120387068585119,-2.749298235428324,-2.5776864905182184,2.799771907714004,-1.4863270310332957,-2.3030693527965167
0.5997544975400504,0.6579531033683609,-0.16558271793275575,0.7265933447624192,1.4242689108762603,0.014314823930369053,0.16109852922722423,0.7971429786798628
0.598490477539821,0.883033382676257,1.120387068585119,-1.3909905096822666,-1.8263768781833087,0.41696941946129085,0.37469710198151635,-2.40838143799295
0.6033405800729633,0.6264108131715697,-0.11996850995262014,0.9335748237450802,1.3125072505178808,0.33622018894961697,-0.9209857327966835,0.7438851936026315
-2.0565504876472223,-0.604280996026622,-0.17435468100590593,1.3355539865210082,0.685916070441113,0.9050838338616846,0.44831861576956494,1.2143040362611761
-0.7370508269239148,0.6354488069845131,1.120387068585119,-0.14157399168420143,0.23501336753499186,0.055300191331589206,0.0983550262446243,-1.0667108300664918
-2.0572047254316423,-0.6002218654984008,-0.17435468100590593,0.6827389113855399,-0.5377452160155527,-0.8347736007320092,1.0151732172420511,-0.9259734532056145
-2.032606718404806,-0.1101049975119603,-1.7287465375608806,1.9165706616448657,1.6211763277076492,0.9772305554260712,1.6031276542320754,1.0963144792619979
-2.059921257042925,-0.6436452387867803,1.120387068585119,0.3140436578646405,-1.1200523916460463,1.8045398184635189,-0.7968197777300569,-1.9402668987845253
0.5819830876258507,0.6351125274595186,1.120387068585119,-0.12879935447497382,-0.15494856802432633,0.6957063030256865,-0.11863013086118943,-1.265626627680116
0.6033579177447059,-0.9169730027930718,-1.9726071109933545,1.4923734999049156,1.2294323893707662,-0.9605170717723235,-0.28692639304485335,0.8729045758625525
0.5886818008861541,1.6112152263248982,-1.1673409008819018,-0.36416482102542375,-1.2710771911666716,0.013099817001864444,-0.3096004714498754,-0.6903721576686509
0.6036279112312799,0.6295677404079006,0.48354254947730846,-1.0485828270924766,0.506267910084735,-0.03391510349853384,-1.5236515299434534,0.16736008412284573
0.5838444422827005,0.1442343523487725,0.3677526369122681,-1.3101310152205858,0.7633650078357866,-0.7539918834043061,-0.8225698935316056,1.3778938077365313
-2.102147823423566,1.5603557484983543,1.120387068585119,-1.3479540292670436,-0.3183257255210752,-1.0371231503150709,-1.0307435166232566,-0.5109477446068404
-2.084724945167119,-0.5922247421235464,-0.17435468100590593,1.0053295646749825,0.3377512182133556,0.6389518350086709,-0.49903751003157254,0.5927038349880945
0.584518092332063,0.1901213446613072,-0.15681075485965293,-2.2890722304993907,-1.7756574804013845,-1.1389606561596195,-0.16981679682688933,0.20669930695345534
-0.7174351036541261,-0.7715090887709728,1.120387068585119,-0.678510522374447,0.23048962143487167,0.33018413848737926,-0.06927033376899021,-0.22532823240698988
0.606385341965674,-0.05868576671273642,1.120387068585119,0.48167806504623834,-0.6851650999235238,1.3637262085460558,0.6114104807756557,-0.7915386729994028
0.5944370187958028,0.6510703118221001,-0.030494486606888197,1.588305600141486,1.3159398480094238,-0.836774788614123,1.1158670297361304,0.8538989579038729
0.5778605745652802,-0.8289794247053183,-1.118217907672417,0.6976220062162197,1.0756493884584666,-0.25505286182343895,-0.5789203371831428,0.2493005873925298
0.6159640351444694,-0.5932930487880221,1.120387068585119,0.5030047859055332,0.6382899237611098,-1.133009071419749,0.6952438198903027,-0.42314655734706214
0.602153542298994,0.6318196299177051,1.120387068585119,1.8208964462123558,1.0555392524259002,0.5654276724343045,0.6096566262835929,0.24473415652457273
-0.7383139578127443,-0.19110540621591193,1.120387068585119,0.5620337494235101,-0.1612647047222649,0.8427936123528434,-0.36610492385189175,-0.3478752245964573
0.6037122286263843,-0.5951018033394817,-0.8726029416253788,0.24018875049941485,0.49173351138084287,-0.39774145622816676,-0.33905941595240924,0.7747651060615445
0.5985536044472197,-0.5973694886305818,-1.9094489768669112,0.5608411894504846,0.38214799249429077,0.1363699584308185,0.6885117807352894,-0.6947606427880736
-2.081620909182945,-0.6053275628527333,-0.8831292973131306,-0.8271356033296081,-0.2161798523522727,-0.44658863316594455,-0.9786653960023848,-0.3576445305262122
0.5867662104356404,-0.8541932341964308,-0.3427763720095856,-0.4829783699600241,0.6402010261977431,-1.0761571429539145,0.5084396383908104,-0.3842346292049517
-0.7426366691172003,0.6384044068063653,1.120387068585119,0.916149548443298,0.7432320442476106,0.3063583074375218,-0.37099915140976875,0.02938213138158751
-2.070701880611178,-0.8535200146956556,1.120387068585119,0.8624453939681667,0.6566910709954782,1.2521145025813294,0.5386391034270575,1.189523193250122
0.6358617549043027,-0.8508374837548618,-0.3269868384779679,-0.7617476017935094,0.5951197672343268,-0.13273999858095817,-1.3412046278645287,0.009106998414355348
0.6087420798418517,-0.1961351930080767,1.120387068585119,0.3992676435783504,-0.32679859599374705,1.0390659615069144,0.05630685533394879,-0.2612980117271898
0.631734499916433,1.4730020299741946,1.120387068585119,-0.7236973824523615,-1.2777083823306294,2.382974079447602,0.47887956802684145,-0.35278855128385583
0.6240838447473764,0.634563968044518,-0.890146867771633,0.6617961312510343,1.1991686933965904,0.7982866740679642,-0.9066481232584142,0.9472010020476165
0.6226646748127815,0.6428170711363562,1.120387068585119,0.15855865214123954,1.2803005619263779,-1.1061619664571098,-1.417728416141705,0.6124156136424178
0.6095862910893681,1.6284489190488884,1.120387068585119,0.06987183407539502,-1.8491517789016618,0.05496232844232,-0.5220340214537015,-0.33575354896080495
0.6193159850161388,-0.8585291761601624,-1.4147102595435728,-0.2689699065987836,1.1346669128708784,0.12714803418599474,-1.5407414231875904,0.3591974078842903
0.6386794970267596,-0.6099690183423662,-0.7936552739673999,-1.341378257599532,0.9023336946244537,-0.13613811956223065,-0.8007216134389643,1.6226920592126954
0.6072174020244286,1.0487733704104012,1.120387068585119,1.0079326371255777,0.36652414696854707,-2.432855320458102,0.134259801074246,-0.06793595982495075
0.6071027066574838,1.670695367905356,-1.6006758766934444,0.43455515527647154,-1.941113519772954,2.1455095301636833,1.0807710731302071,-0.1525865462596885
0.6129108266937147,0.15893769300048138,-0.032248879221524716,-0.18243463740511132,1.3705826894048867,1.1615010933135996,0.7037244308430688,0.2805718118292568
0.5976631594083746,-0.608855553355429,1.120387068585119,0.582401704057097,0.9506208999560983,-0.5084695207903321,0.10259778440049798,0.07513752129728682
0.5745588594861298,0.6313065972512201,-1.453306897065257,1.0395919328588723,1.6790702576037957,-0.04493304333236197,0.5405835122474919,0.7088110464386512
0.6178028656465684,-0.05902042262954875,-0.32347805324873974,-1.0449375844511661,0.487085880905882,1.4977830558690632,-0.34254410748294517,1.0844356869229397
-2.054074312476773,-0.6126998722656409,-0.17435468100590593,0.1983789123128205,0.3224129817646714,-0.01956242807213946,-1.0414936107606798,1.2557437498234798
-2.079116578819064,-0.5962301559878784,-0.7690937773626694,1.4427261594202452,-0.6941408178431179,0.9247578497928225,1.2144722913237194,-1.1970896841114922
-0.7360704334512661,1.7010909240388805,1.120387068585119,0.2071080357272134,-1.640757997767503,0.10331570577321061,0.19471589744525955,0.39251402452706585
-2.1015784957751595,-0.5961026064299112,-0.17435468100590593,0.5227347860930707,0.3727645846910529,-1.4183537734131089,0.9563428700274319,0.74274161808121
-2.066914117982089,-0.8588258286380228,1.120387068585119,-0.3979300479248602,0.19266585797485564,-0.344528051183989,-0.5470145619030994,0.37754409245493686
0.6075525970116101,-1.105651807805562,-0.15330196963036494,0.4055689574733558,0.4036600995265351,-0.7218429300269665,0.6456242274413005,-0.6566990872988977
0.5806445304556153,0.6522974844192875,-0.17786346623513036,-0.26130388987545994,0.4962593521443045,0.2755543082536675,-3.418481698828166,0.6484354314195249
-0.7492962614771737,0.14563007749019596,-0.032248879221524716,0.954912913020819,0.7510735233412993,-1.2892121813913893,2.349679892760033,0.14970381781198905
-2.048814477786461,-0.5317278354266818,1.120387068585119,0.6482947504208717,-0.027447436316573433,0.5623952601845169,-1.5170704249099527,0.6780660691445326
0.5945323018977963,0.2536387920674263,-1.6006758766934444,0.3070821422209842,-0.9790512829397992,-0.3406946068644956,0.9924878187779258,0.4104379122480966
0.5967338898396085,-0.6099380046742239,-0.8726029416253788,-0.28914678691419693,1.090448484211699,-0.3774696828778645,-1.4006617290187409,0.28283197583926234
0.5845806264985346,-0.1409774117400734,1.120387068585119,0.9180640749147648,-1.0071516619116008,0.6829000000534745,0.49611303735409806,-0.4588683933020242
0.6082677389249658,-0.8517055362373854,-0.7690937773626694,0.6885607943896551,-0.3829077872255116,0.5839191682534323,2.0904561990827375,-0.14811270882390984
0.6308419802843973,-1.026868587426392,-0.032248879221524716,0.44349720530027675,1.2949614953954622,-0.2788527034199945,1.1234061891059735,0.6364127082380356
-2.049590079273125,-0.6031029994941813,-0.17435468100590593,-0.509203318206553,-0.15528234621574166,-0.38519504778611585,-0.5246293336731729,0.5212421717229693
0.6148787265299834,-0.9133547919611869,1.120387068585119,0.841132810976506,-0.20461235190615065,-0.5734301585961676,0.8818304675871296,1.1418798354872934
0.5923041888000974,-0.9561553876775369,-0.2883902009562961,0.09373641056475311,-2.2614128164348193,1.276849964486784,-1.69815891989519,-2.346459546451844
0.582257230298824,-0.43370232637185907,1.120387068585119,-0.22835857221608116,0.4054861757307553,0.029547892077395662,-0.054757074646670956,-0.4381260473266958
-2.0816117216987555,-0.8553130285033964,1.120387068585119,0.5214444027174433,0.3024498996484113,-0.24518336704164143,0.06712656783493949,0.568434621143545
-2.0440771442123187,1.6217127338176383,-1.4550612896798363,0.47334603057352775,-1.5227771537001873,-0.3967278675603591,-0.21401030760725728,0.4222447391659597
0.7880740653100836,-1.099376066846997,-2.1129585201630543,-0.022399341352761566,1.794985763615284,-0.5728518932667139,-0.1267890634674886,1.4185531462625451
-0.7075833050989572,0.6275883694034932,-0.032248879221524716,-0.5264572403085379,0.41713100772762735,-1.308672867228712,1.096458788385463,-0.46880187034893367
0.6293294536557449,1.6409804498485394,1.120387068585119,0.6971626803615316,-2.1712377305279285,0.5723668563890796,-0.38491150406065744,-1.052832748369367
-0.7576368670707354,0.41188434891564324,1.120387068585119,-0.39987957185283823,-0.364140141677795,-0.2597114712757632,0.9331141087258569,-0.18900465361325097
0.5827998846060716,-0.47318239568853676,1.120387068585119,-0.9200691609186319,-0.15081583999756673,-1.3757245731084886,-0.12673133116600901,-0.3646487900377639
0.6226225902078247,1.6278545958982058,1.120387068585119,0.037407359667640555,-0.20389247168799118,-0.4783217552951728,-0.023623704733549616,-0.33638324639640144
-2.0622806622532113,-0.6139162574999931,1.120387068585119,-0.07797842959826344,0.22587276968657544,-1.3975492162761658,0.43888013914810564,0.4517842956547267
0.5954553476869724,-0.6094655346934829,-1.209446323632798,-0.7851685986465559,1.5824424116511566,-0.9578466554750632,-0.1840498844859617,1.1214967543882348
0.5848189083461773,0.5444031895008177,0.37477020737080047,-1.3944066321003836,-1.3552387123580514,-0.8605291486681315,-0.8738605153734637,-2.3781409175665074
-2.0645354486920784,-1.2777403505125315,-0.8831292973131306,-2.0848776391089086,0.46761205229893216,-0.26453251480996165,0.28325328712467457,1.4543660634536806
-2.0268974379160585,-0.10594613891511492,-0.9462874314395117,2.0034518303043307,0.9737743680843257,-0.4075004958347605,1.6578035397519395,0.09821143447390276
-2.0540140010887193,1.6227194534463474,-1.4550612896798363,-0.3026896024682242,-2.220606466116072,-0.34488540616263635,0.8584326600694451,-1.1661861579987671
-2.059108312878649,-2.073601839650975,-0.8831292973131306,0.9793947775355073,0.023650978213791814,1.3288938441456024,-0.5364910576156037,0.9548450791321828
0.6183705632574481,0.6210057389798914,-0.032248879221524716,0.001900334684666914,0.8862575809521547,-1.1781072697605999,1.154466544637808,0.76045748075651
0.6024369465487567,-0.10873035175810575,1.120387068585119,-1.1488552059502148,-0.06705127888373275,-0.7939441700480746,0.343675989321278,-1.0953463209513339
0.5991584965504935,-0.6119463529568485,-0.8726029416253788,0.3308350578317995,0.6322176229755395,0.1368550948865164,-0.3307723780104775,0.2835763681649341
0.6371961628881571,-1.0981890441538156,-0.6603214352561477,-0.21323547654628577,0.9688806360407283,-0.3595434576621378,0.46584640663378624,0.06486220849963822
-0.7542351269622378,0.13825534642441195,-0.032248879221524716,2.124690171648627,1.3886895150655094,-0.0024743627163600367,2.519954335273901,0.6062074716030723
0.5985576054483827,-0.7871826591454911,-0.2883902009562961,0.9766753923582913,-1.7712455209265852,-0.24902330872426082,0.5386715542631723,-0.8586891577499708
-2.059211746168232,0.8450944890271377,0.3221384289320801,0.4562207204289717,-0.10885545842172845,1.6515853901182602,0.38421217766966775,-0.16085283729813443
-2.053024568317154,-1.4422669031877062,1.120387068585119,0.4908936825842846,-0.22354045659000538,-0.39189382930024097,-0.5860323529890148,0.5405682606979458
-0.7277233077076236,0.36120376445881064,1.120387068585119,0.5048000701005949,-0.10086410402847966,0.9652234281341194,0.5521929875393435,-1.537319351232346
0.6056905014286058,0.11687176622674877,1.120387068585119,-0.22898885477886105,0.44433944484954485,0.8841785675946591,0.2816686675163826,-0.6479283015884688
0.6123369053032359,0.6276131913455143,-1.6550620477467675,-0.752331868579724,-0.9848648714284348,1.4676450364186262,0.04262222453889023,-2.216832955950505
0.5960123759613994,-0.5865703202415234,-1.3673416589487408,0.5173477199402614,1.6664628636786518,-0.9235145880446897,-0.49556206321598434,1.2162144933024663
0.5903977858337458,-0.8756929986947957,-0.32523244586333383,-1.476959594612929,-0.6748600829977742,0.928220944406951,0.18626226596669684,-2.083131323472887
0.5847390365079632,-0.5976341092453373,-1.0006736024928062,-1.2497824601656895,0.20729567073141977,0.19027641555484961,-0.5751184953297438,0.38670169230435925
-0.7265919134870179,1.5893536173523775,1.120387068585119,0.5050215392584447,-0.8640452883013248,-0.8697878913035153,-0.1991697101090189,-0.4651260115684805
0.6204503429413167,2.734878321412443,1.120387068585119,0.3471943661899421,-1.6033169953955324,0.37954135844035797,1.083772775471901,-0.5149766837351334
-0.28423737097580093,-1.141559498822997,-0.032248879221524716,-1.3404219353062132,1.098216137109604,-0.7452074482857666,0.7143916998813394,0.43729563233696084
0.5403890498936148,0.391477241074719,-0.5041804925547478,1.2558029585453527,-1.0446073203503239,-0.806575044212958,0.8376426168362802,-0.9572660423767523
-2.0161670491403063,-0.5622825453081497,1.120387068585119,1.8055997110363815,0.5357890265298436,3.653040190336773,0.9564277704708005,0.6410893361572025
-0.6885177935831148,1.629371513758789,1.120387068585119,-0.33475805635314587,-0.9237931235003773,-0.3194612237529232,-0.45730516877015387,-0.4761367210141643
0.6130003305718456,-0.6117477774206493,1.120387068585119,0.6408443163458801,0.8564136298628963,-1.2021864979768941,0.4408300193304635,-0.10971465876759756
0.6142634614607023,-0.8620570565877272,1.120387068585119,0.7745095403834357,1.0464895373176137,0.3585126422713448,1.0659380223380417,0.1992497613981404
0.6366086084566168,0.3529522661503429,1.120387068585119,-0.5140358552260934,0.004023127728810802,-0.1522645751567399,-0.3287636335207617,-0.5919380794245727
-2.096618587987608,-0.6089834606575684,-0.21646010375681587,0.6534078795673857,-0.10452412211150926,-0.10800453667570314,-1.5143777601820705,-0.15129605425288134
0.6189554503548887,-1.1019910391761831,-1.5568160613278967,-1.2642836427189708,1.5066321849621145,-0.5944751181732287,-0.7581044208901454,1.1981399279807918
-2.0460349674530165,-0.6011484779505808,-0.17435468100590593,1.1678022020497185,-0.06920151492727677,-0.21225473007381856,0.9725758347967038,0.4177693895342344
-0.7542823980501846,1.6039723927847522,1.120387068585119,-0.3959809476347242,-1.6708783161732907,0.9157817424585741,-0.33016317016246083,-1.5198917054249617
0.6345934375324741,2.451427710372696,1.120387068585119,-0.8568476602442681,-1.3247831100731406,1.224659894155003,-1.502827526532924,-0.6051262506904604
0.5945846112835149,2.756787296521439,-0.6217247977344272,-2.8641669394184515,-2.295052753231584,3.037829896759642,-1.315227733545415,-2.013568443985463
0.5940668520946907,-0.6181317772704854,-1.6796235443514906,1.0006409293800984,1.1544379699313312,0.34700581194993807,0.4321158378246269,0.36462967272620267
0.6168349197331359,-0.5941197955776596,1.120387068585119,0.07412458057860238,0.5888509955768765,-0.07747342674866092,-0.24305437194335125,-0.5251069412306415
0.6002583273174225,1.3511038943423008,1.120387068585119,1.1166343392872,0.8261977691597505,-1.3905158205541683,1.316581111207057,0.021812268637712164
0.5855470905596672,-0.8467340204676568,0.28178739879582415,0.7593664030407935,1.2384602173845425,-0.3473349121094891,-1.3897190052086998,0.5217616721073515
0.5922283179630371,0.3760633654528467,-0.5041804925547478,-1.3749222235043879,-0.6716325060244099,-2.648317631981013,1.177665119115085,-0.45055751161154756
-2.0580853902454073,-0.5955773829426712,1.120387068585119,0.1301752132573577,0.2854249889783696,-0.30037197051463105,0.20431700558263982,0.5506681577813931
-2.0307023900316175,-0.6251746042977318,-0.1866354293082369,0.5622285591409861,-0.6463387194423292,-0.7909293934988845,-0.8132836717052351,-1.1572062227829472
0.5936562308261397,-0.9643885121331062,-1.858571591042887,2.3421025155108253,-1.2380121180870116,-0.7715022773715225,0.3989010863757776,0.9081305250868952
0.5908340431468381,0.7058398443439138,-0.030494486606888197,1.8979226459317509,0.6056634475364487,1.0591460626419067,0.6981794885538163,0.20113829147516044
0.5652468997188724,0.38653907806966,-1.2392709980813819,0.5824794623290668,-0.26840280186000803,0.41264217553424554,1.0346135320935403,0.8075723424573019
0.6024225725815863,-0.6217886932702864,-0.7533042438310704,1.806336024647233,0.41302425468558673,1.6320366003886528,-0.11916915434268449,-0.18813447869631508
0.7378183786864566,-0.8526956620401105,-2.504188073223782,0.947848478862256,1.063159210184039,-0.9812046763707372,0.4493932667147692,0.5793868586844726
-0.6958938615235254,-0.6516455543404297,1.120387068585119,0.4411723505595247,-1.3106627374907571,-2.051002033382593,-0.03419626261057363,0.19321815953266988
0.5947160515813116,0.6497761034701744,-2.0059405706711417,1.8150549485999803,1.487575878332036,2.0503350703336403,-0.47020645147454615,0.859948551124648
0.6164213347600309,1.624137606395703,1.120387068585119,1.0920711589193492,-0.655420324731305,0.49612029861237783,0.6723265488819636,-0.610389338747944
0.5927932000545718,-0.8657043410135697,-0.3427763720095856,-1.3698258961363832,0.3312971757206667,-0.07653780644002793,0.869814224837793,0.039179548803997405
0.628364026891203,0.29533092627986274,1.120387068585119,-0.5104864418993532,-0.08730557145245721,-0.23089852408743977,0.6970016364030154,-0.4372266402019049
0.5677085527369149,-0.8474317041662841,0.3905597409024045,0.7367975358637683,1.9372188763528462,-0.8931978911052614,-0.8987393639585446,1.6400728328954781
0.6426064055855258,0.6272116372678794,1.120387068585119,1.0120965405671136,0.6345152549212392,0.14025971323138028,0.22822836644881123,-0.4283685482239234
-2.061838922086638,-0.6161628358847342,-0.8831292973131306,-0.5807084213391638,-0.8417451603699395,0.0339043741391398,-3.3236754490791864,-1.5117843509413684
0.5762084574512688,0.13450497663845365,-0.15681075485965293,-0.6065739785652837,0.25461659503864364,0.9450621099592869,-0.3357916922215422,0.4960756390325863
0.6185876546174217,0.6409075978400889,-1.0006736024928062,0.743309151571048,-0.11673968574689156,-0.4446849057330483,0.06891532584258975,1.1261722578477324
0.6038630811891232,0.6259743377586497,-1.6550620477467675,0.04232439894642261,0.5901821755052222,-0.3810107458513006,0.738001569839766,-0.5457767595548434
0.6139673873738872,0.8831317760839185,1.120387068585119,-1.4301623409674373,-0.7066024402989127,3.2321892026932324,0.662713743350151,-1.3160355940910071
0.5756865490760179,0.16007661286144506,-0.2743550600393323,-0.9741254004999564,0.23163933512057772,-0.6551929777751838,0.017017571496967088,1.0269960361973793
0.6151426444221675,-0.6185046842952996,-0.7024268580070588,-1.3401736951198158,0.4023677349923726,-0.9049126370509565,0.41978357675833583,2.0202009345041376
-2.0521864326640094,-0.6171025472774968,-0.17435468100590593,-1.4146360700408127,-0.8546193887559946,0.3824034469537259,-1.0134200528260249,-1.4427335292868835
0.6321027402095818,-0.85036933422301,0.28178739879582415,0.4699445942678922,0.9845771026692397,-0.7423745979072969,-0.49973331633175433,0.11846182932759078
-2.063545274994359,-0.6050603279536164,1.120387068585119,0.6038738867435189,-0.4616026645749652,1.391112594658528,-0.9624467699747214,0.23396745483521497
0.6932696015878862,-0.5764030656603624,-0.7024268580070588,-1.1535696660319368,0.22474216446033562,-0.8597364703508643,0.27072179301800037,1.6623956069881825
-0.7128487708279587,0.6197534967716338,1.120387068585119,-1.780009105019764,0.411647179096638,0.721370887876382,-0.41874697208426415,-0.752565878944096
0.6382180482247989,-0.6111524360750119,-0.20593374806907655,-1.1854328111495862,0.8817238317658631,-0.9023656706556838,0.5311131507928842,1.607777225666149
0.6029650787036157,-0.7913968580144153,-0.9708489280442285,-0.773787469280691,0.9125274379036641,-0.02068647191481846,-1.9669510822061442,0.018811085681118764
-0.7094010932985868,-0.8894889074858908,-0.032248879221524716,-0.9832550695646716,0.8007057590282812,-1.6069094208106496,1.3537750521020853,0.1784219564851868
0.6380218509820764,-0.8472199058549813,-0.32523244586333383,0.9990361942204734,1.2077909261900608,0.7986050448673234,1.3080201278345562,0.4339571114684578
-0.7593495919432823,1.6322663521083682,1.120387068585119,-0.46226721522353925,-0.6424209295234611,0.7187459531219348,-0.7650115436260916,-1.1120310540758145
-0.7461424352561808,1.6118798599654613,1.120387068585119,-0.4247663866862123,-1.5004054652292962,0.14523019611987123,-0.44590530323959,-0.7081701059025237
0.5525945485277711,-0.6010409895852276,1.120387068585119,0.1731073392762195,0.571980748008333,0.34950079943940443,0.6465166254347978,-0.0653929549776503
-0.7278583044509015,1.622338263267937,1.120387068585119,0.026762585484689013,0.45822941396385725,-0.6544002994582491,0.3285842751783449,0.8147115371336391
-2.0721191241378007,-0.5982571895239763,1.120387068585119,0.2625840857863643,-1.294735173922859,-0.46187043153784585,-0.13364920795812843,-1.9233209933636461
0.6057349569972077,-0.59939500863363,-2.0936602014022347,1.1783001679419596,0.5468678719418871,-0.5379090736903921,1.2700651016317694,0.9978208046535213
0.6477168695653619,-0.24339761535977075,-0.9708489280442285,-0.6015383402157501,-0.7685673697755557,-1.3847266698959062,-0.1763014926901961,-0.8342810731316341
0.6163986624200528,-0.6255286334375877,-0.7708481699773209,-0.8743683540343816,0.146260344296591,0.5322521356636363,1.0359945793054284,0.8473984563408182
0.6017158772262293,-0.21238763473677466,1.120387068585119,-0.6800151915916586,-0.8357715652508643,-0.8217983663149965,0.30772687759345374,-2.0057651222891275
-2.0148859878387797,1.6162971474509487,-0.8533046228645479,0.4188424638378457,-0.4512217695383172,1.0178585678487104,-0.8409131059873273,0.7771871922692719
-0.7099668645015124,1.6291942927979868,1.120387068585119,-0.16522324441015096,0.6402677989353169,-0.309981570766467,0.8102825999610807,-0.4488550796159522
0.5720499353801587,-0.5906339363313329,-0.15505636224500147,1.224374401380202,-0.017306700844404013,-0.2989003177377611,0.8345239405504137,0.3217725777039275
0.5995191793969707,0.6093672752362659,-0.030494486606888197,1.6695571776274205,0.46377043972856163,0.31558456325700945,0.5527569151508683,0.04739597587915842
0.5874041478449087,-0.6340840028389628,1.120387068585119,-0.01384074357246956,-0.4205548722448085,0.5926776139189358,0.18559042045829782,-0.2373059772002383
0.6331941244184759,0.6353764601047089,1.120387068585119,0.3506194430299508,1.018727125863913,1.081461256735141,0.7249193548572066,0.12607442154036413
0.6008513646023981,-0.939880504381524,1.120387068585119,0.4197088458309027,-0.43901445631161695,-0.25258386378687564,0.21260234551573287,0.27767745254482973
0.6081099216564916,0.6387418146014514,-0.42698721751144914,-0.11027250769300986,0.026351383996514318,-0.22700374465881326,0.4942682450538552,1.2509344356589152
0.5816241830020913,0.4365498700498367,-1.2392709980813819,0.25539161393709237,-0.6957164321590864,0.6297320765521098,-0.10475645507887622,0.561459597584331
0.6022397120094435,0.7076936115759859,1.120387068585119,1.1560699868486644,-0.7854667716379643,0.18795685687350952,0.888124231786772,-1.7731593874101685
0.5945964661017948,-0.9378731192562928,-0.21821449637145363,-1.3384113584847144,-2.2891558201914295,-0.05692876414161311,-0.3970117039150975,-1.3252463895316913
0.5901755079907913,-0.851219224308935,1.120387068585119,-0.5867674790492277,0.5781025512459518,0.2881267061488874,-0.35936062129950386,-0.5428947693271592
0.4544569544579648,0.633632347173886,-0.3936537578336445,1.1988962808298353,1.3594323262015748,0.1998990105330041,0.10456992736580595,0.7132099328103159
0.6421065768093349,1.6216420655835753,-0.37435543907274,0.8318560303301575,-0.39520081065633805,0.017238637394331943,1.5233174641264753,0.4575314092144508
