y_true,y_pred
2.0500000000000065,2.3000404904030263
0.9900000000000008,1.226418464124347
2.930000000000004,2.3843277993612073
4.78999999999999,2.8377975431256868
1.689999999999998,1.8919280289367744
1.8500000000000023,2.4901598678920576
2.089999999999994,2.7844236084323946
1.0800000000000034,2.3217674393294163
1.1899999999999982,1.438481735313235
1.6399999999999926,1.5415999617188443
1.4199999999999944,1.968033841727272
3.3099999999999943,2.4741981717891335
1.2400000000000029,2.2543330925623923
1.219999999999999,2.434097706147139
1.0999999999999963,2.391426296489137
1.529999999999999,2.5095946002601535
1.6299999999999968,2.2483765806453246
2.569999999999994,2.476342427815617
1.689999999999998,2.3278586110861554
1.1999999999999966,1.2320707217615607
5.210000000000012,2.1658280885251084
0.8499999999999972,2.8283855616947875
5.200000000000016,2.7478521446782582
3.54,2.542646222434157
1.8700000000000032,2.26123412741894
2.8500000000000094,2.9716448716628188
2.4499999999999926,2.8854491153898705
2.149999999999995,1.6730551058930372
1.5800000000000034,1.9134968297279422
1.6399999999999926,2.6001733181869184
1.990000000000005,2.08156489683967
1.300000000000004,2.3230063874416214
1.5500000000000052,2.068016254425315
1.0999999999999963,2.5942465216176775
1.8700000000000032,2.3818945267724785
1.1100000000000043,2.049029360519353
1.0699999999999956,1.5914396068503456
1.0,2.1231783501184154
1.7900000000000025,2.3589477214747334
3.209999999999996,2.4661668215633465
1.910000000000004,2.079466127516169
1.1299999999999972,2.00805290190226
2.6499999999999915,1.5684061762674357
3.170000000000001,2.7873567815074436
1.560000000000002,2.1975561928577316
1.8600000000000083,2.5647633195825223
1.0900000000000027,1.6272213725203521
1.1999999999999966,2.0922948373937955
1.219999999999999,3.0417902317822363
4.713084663428889,2.812850831842987
2.7599999999999936,2.3321635507204497
1.7299999999999995,2.307633191215211
3.450000000000005,2.43762515148586
1.2400000000000029,2.0030375676790384
1.6800000000000053,2.394169179643651
1.0900000000000027,2.733138200896651
1.0600000000000018,1.8634902598589584
1.0399999999999994,2.6178390836496606
2.470000000000012,1.9642626581359934
1.720000000000004,1.2218121108787845
1.7799999999999951,2.100968705310327
3.4199999999999977,2.2407193965376986
1.5699999999999947,2.600752929515699
1.0399999999999994,1.6545637449854826
4.429999999999986,2.9277883340536706
3.3649944506111145,2.732675449930437
1.1100000000000043,1.4556925938985978
1.3899999999999937,2.920580198336784
1.8799999999999968,2.7464696301954006
1.660000000000001,2.310529385089874
1.1200000000000028,1.6345444252810477
1.8199999999999947,2.1692087809908687
2.58999999999999,2.379959570831609
1.169999999999996,2.139115951810486
1.340000000000003,1.8729420478014496
1.7400000000000044,2.479612103099344
2.779999999999988,2.4508017704046368
1.2700000000000038,1.8911331938718206
2.800000000000008,2.30886683374817
1.1299999999999972,1.3004623228283818
1.3300000000000052,2.3402143075781674
1.8199999999999947,2.6333520633701673
2.970000000000013,2.7199280935815757
2.180000000000005,2.1959457898081594
1.7099999999999989,2.0191777579302332
1.7900000000000025,2.3302546040309826
1.3899999999999937,1.632309019024552
1.1500000000000037,1.2734514261209435
1.4900000000000038,2.234636707687851
1.6399999999999926,2.136645267839787
2.209999999999994,2.3546074825501444
3.370000000000004,2.789344585785692
1.0999999999999963,2.530758401120181
1.5,1.5783175819104174
1.4399999999999984,1.5898459783171799
4.127882382633886,2.7091891194589373
2.160000000000007,1.977130769429713
1.92,1.828527028845267
1.9300000000000053,2.522420600426182
2.1100000000000088,1.7789679090023758
3.2900000000000027,2.8015325075058906
2.0400000000000045,2.321769156247814
1.4399999999999984,1.5958350676634427
4.75,2.3431469521726584
1.5099999999999962,2.4984949115862913
1.280000000000001,2.792036093977782
2.310000000000002,1.8496535319327196
2.0400000000000045,2.381231390767273
1.219999999999999,1.9356355255981812
1.6500000000000004,1.6974982120224729
1.4300000000000048,1.980070396874375
2.0500000000000065,1.7177232886710156
1.169999999999996,2.0064618378985046
1.6699999999999977,2.4584820766843096
1.939999999999998,1.4310913641612655
2.240000000000005,2.5081177692760876
1.1299999999999972,1.9224827970239637
3.820000000000008,2.685993265167384
3.690000000000011,2.832645433524082
1.5,2.012766629177865
3.3000000000000007,2.52410060113726
4.019999999999999,2.834690580444086
2.4200000000000035,1.6761647820246353
3.9099999999999993,2.5838382870622763
1.660000000000001,2.4872898177751157
3.440000000000008,2.5951439690773936
1.959999999999996,2.503856481861115
1.3100000000000018,1.9339565352880719
1.4300000000000048,1.450702114380729
1.660000000000001,1.7012767589841915
1.340000000000003,2.230178752586834
1.560000000000002,2.090075798013487
1.0399999999999994,1.8445395398331554
2.8899999999999904,2.3178866657073294
2.0,2.038468476488564
1.7599999999999956,2.3061068186746114
1.2100000000000015,1.340035138051379
1.9300000000000053,1.794306170181165
2.699999999999992,2.1665975760867795
2.677128644146112,2.5843447141423606
1.3300000000000052,1.5797113527111903
2.399999999999993,2.333378609193416
1.6100000000000074,2.268416192108298
2.0500000000000065,2.5529198526286465
4.281441191316665,2.6835906909075335
1.1200000000000028,1.1155360983734017
1.6999999999999944,1.9048271616497123
2.360000000000009,1.9899739293367609
5.174854368932777,2.1511844461842187
3.1000000000000103,1.8000544722091785
4.509999999999993,2.778840137906487
2.339999999999992,2.0818644233737924
1.5500000000000052,2.266689364019731
1.0999999999999963,2.5199340699033437
1.2299999999999964,1.6390763899615286
2.220000000000009,2.878743654527904
0.860000000000002,2.533919187019731
2.180000000000005,1.6205725829925537
2.3500000000000068,2.6987007133817764
1.169999999999996,1.9295483720364934
1.340000000000003,0.9633604825559068
1.25,1.5194959067188996
1.2700000000000038,2.3108697672876217
1.0399999999999994,1.6398766787836663
3.48998612075,2.9310716365999423
3.5899999999999976,2.359710608536523
1.689999999999998,2.6890971305127946
1.8799999999999968,1.9866824047303788
3.874999999999996,2.2721631109324516
3.87,2.209825054527622
1.169999999999996,1.5084360198516005
2.3199999999999945,2.913385167416848
1.2700000000000038,2.051809140726449
2.430000000000005,2.084373555339763
3.830000000000007,2.2777355745727146
2.490000000000006,2.2285736809737893
1.280000000000001,1.7885989784418144
1.1299999999999972,2.38263164110791
2.509999999999994,2.1837620438792436
3.269999999999992,2.2023435357513543
1.1100000000000043,1.9509349843028692
2.1299999999999963,2.087529642642029
1.6399999999999926,1.8799551752251853
2.2900000000000063,1.455727506395161
1.5999999999999988,1.94643548090941
1.8300000000000007,2.3723556868634623
3.1000000000000103,2.870180646994921
2.5199999999999947,2.1518972436776727
0.96,1.6514489326457722
3.6399999999999895,2.445216624921734
0.9399999999999984,1.9961536742033752
1.280000000000001,1.5191591359898031
3.410041637750001,2.6018994561762714
3.3399999999999954,2.370942005447113
2.579999999999996,2.219659375394301
2.310000000000002,2.2811036650007734
2.019999999999998,2.468367962141725
1.5699999999999947,2.0727284987858883
3.1499999999999893,2.8366914862262025
1.8999999999999968,1.8155146288383184
1.0900000000000027,2.734099839198324
2.0299999999999927,1.904311275942598
1.990000000000005,2.1715355708533126
1.0900000000000027,1.6461602689093142
3.9907756232666656,2.508513283490927
1.6100000000000074,1.9885467997162394
1.980000000000001,2.264984919061002
2.5,2.227596141053374
1.0399999999999994,2.008940134741248
1.7599999999999956,2.0294100672183477
1.6299999999999968,2.4401212630669424
1.409999999999997,2.010533640105179
1.0,2.116477795803384
2.459999999999993,1.7479415174031327
2.490000000000006,2.536179666172848
1.460000000000002,2.5242912581146686
3.899999999999996,2.119697900060776
1.2100000000000015,1.9030275033646586
4.120000000000004,2.3853781066772615
3.769999999999991,2.571832913559527
1.0900000000000027,2.188867077504315
2.199999999999993,2.5552366740278827
1.6399999999999926,2.041077896462256
1.980000000000001,2.548003224670972
4.769999999999989,2.521626805661704
1.660000000000001,2.0506756268155097
1.9300000000000053,2.557231347415679
4.029999999999983,2.1858612070359627
2.019999999999998,1.1001167426976841
1.7599999999999956,2.36606974253723
2.699999999999992,2.349438134719604
1.1399999999999952,2.576096957951884
1.340000000000003,1.9609952912992257
1.8300000000000007,1.833590018659327
1.800000000000006,2.126469086820481
3.620000000000004,2.621318519997725
2.800000000000008,2.1704587803892776
1.970000000000007,2.0372831331691
1.3300000000000052,1.947175229002352
2.0,2.330909351807226
1.1299999999999972,2.1268058652976696
1.59,1.5844384955097983
2.0699999999999945,2.2542376357990266
1.1899999999999982,2.2538390660084904
2.1000000000000045,2.8941184140798475
4.549999999999988,2.6641051852099897
1.300000000000004,2.0493132498561986
1.7400000000000044,1.876832538439168
3.820000000000008,3.0809099807939972
1.6399999999999926,2.1468964715050887
2.920000000000004,2.26597663827422
3.1100000000000105,2.46597258597615
1.6999999999999944,1.8512845452887916
2.58999999999999,2.5057650245831415
1.25,2.7312417036943533
1.689999999999998,1.9285843542875556
1.7900000000000025,1.9276209737883947
1.2599999999999971,2.2634402252232877
2.1299999999999963,1.9329899657032337
1.6399999999999926,2.8647926218776223
2.879999999999997,1.133130946467401
1.689999999999998,1.614343340650918
1.7599999999999956,2.0502604194241787
1.910000000000004,2.036072412507971
1.75,2.6178160265049017
4.730000000000011,2.48161293405567
1.92,1.988566434049763
2.089999999999994,2.3468204073726024
2.5,2.440855906346205
4.92138632162778,1.9355958872416916
1.3899999999999937,2.263187865949477
1.4399999999999984,2.181550211377408
1.959999999999996,3.0172949101956434
3.029999999999986,2.1990323514517462
2.300000000000008,1.7057770530340106
1.1399999999999952,2.3207019952377888
2.430000000000005,2.5200543821655876
3.190000000000004,2.74372988932667
3.129999999999996,2.0005553256659168
1.25,1.6509265978164551
2.189999999999998,2.8348342451872632
1.9300000000000053,2.5152855162804677
1.7599999999999956,2.144396997699181
1.3700000000000032,1.6938548623128353
0.9399999999999984,2.299726008227457
1.3100000000000018,2.9628508688597615
1.529999999999999,1.834208227936652
4.379999999999996,1.8801298174082617
2.0799999999999987,1.5009243755248496
2.8500000000000094,2.3875290456560703
3.1499999999999893,2.632223964050356
1.1899999999999982,1.3749976633672985
1.7799999999999951,2.2351117817573307
1.8999999999999968,1.664737671366865
1.400000000000004,2.251495547194999
2.75,2.693645644254567
2.060000000000002,2.480996360089268
4.0900000000000025,2.654672735312232
1.3199999999999952,2.8588076475096353
4.2600000000000025,2.5960953695644498
2.1399999999999912,2.0080628697867375
3.6799999999999935,2.401858190384704
1.810000000000002,1.6078432819931117
3.269999999999992,2.2731397386281103
1.169999999999996,2.2771090141199077
3.6799999999999935,2.7386734550933123
4.200000000000009,2.771231318632457
3.199999999999997,1.6715336113306458
3.960000000000004,2.572404810021467
1.1500000000000037,1.716226899263004
1.1399999999999952,2.089130338261182
2.019999999999998,2.455199114327728
2.810000000000002,2.2576921719627205
1.9300000000000053,1.996009370926931
2.060000000000002,2.29565076386609
1.7599999999999956,2.193480065932571
3.230000000000008,2.243805963003581
1.800000000000006,2.970975426375496
1.300000000000004,2.4297587630117876
3.4987014428416616,2.444409396469199
2.5299999999999887,2.6968961150712776
2.240000000000005,2.46610523183773
1.0600000000000018,1.8428446891085366
1.7400000000000044,1.3646788286994394
1.8799999999999968,2.208847861988301
1.4499999999999953,2.3795386098151337
1.0500000000000025,1.2788386836326522
1.6800000000000053,2.59539673149945
2.7599999999999936,2.3683274825785157
2.180000000000005,2.006588406032729
1.4499999999999953,1.06580378035436
1.8700000000000032,2.313689765194275
4.360000000000011,2.3110880805457565
1.3199999999999952,2.325389684330923
1.0999999999999963,2.0984805216214872
1.2400000000000029,2.8180443002587303
4.66,2.5014282805197445
1.2100000000000015,1.549341100277351
2.75,2.8010887207601316
2.0799999999999987,2.9037052831475583
1.4799999999999964,2.3012453923896774
1.340000000000003,2.2895035101429877
1.8799999999999968,2.3995967930603324
1.300000000000004,2.694593791408223
1.6100000000000074,1.595483568625626
1.4399999999999984,2.567553345804764
1.1399999999999952,1.5902246728122063
1.5399999999999994,1.7924640945475119
4.502385575589445,2.3544633845704515
3.54,2.7917537636213376
1.1200000000000028,1.7672776052055628
1.1800000000000046,1.7461067922605222
2.540000000000008,2.2392617648194544
1.5399999999999994,2.7927063258464093
1.0600000000000018,2.054521777834121
1.5999999999999988,2.591467907115479
2.1000000000000045,2.5196245120592056
1.4399999999999984,1.168467330376161
1.409999999999997,2.1907966148933853
3.0799999999999987,2.185117290098915
1.5500000000000052,1.79340559346863
5.279999999999981,2.827976390331969
2.170000000000002,2.616832921619447
3.928548770817775,2.0230755146022843
5.029999999999981,3.049810889320076
1.3100000000000018,2.7980231624539833
1.0699999999999956,2.0126843110127832
1.0399999999999994,2.777681217470348
1.720000000000004,2.1080746476469368
1.3899999999999937,2.214028870086994
1.3700000000000032,2.267853876862944
1.6999999999999944,2.4508517766529794
3.5863157894750044,2.3798891985179873
1.1899999999999982,1.538771712319525
1.1399999999999952,2.477036211919142
1.889999999999992,2.7402588053696215
2.879999999999997,2.3286737465233833
1.4499999999999953,2.147223338002815
1.910000000000004,1.9410908618184561
2.4800000000000053,2.5439114944774386
1.169999999999996,2.2305715253770035
1.7900000000000025,2.2756195734981866
1.4799999999999964,1.9578828209119286
1.009999999999999,1.1019452482491916
1.520000000000003,2.778622586569605
1.8999999999999968,1.6565688163386614
1.7299999999999995,2.457456303772899
1.3799999999999968,1.9902594344533389
3.429999999999996,2.302057749024487
1.970000000000007,2.2254435097360283
1.1299999999999972,2.08057916698295
4.190000000000016,2.8621853955131917
3.8298472828238888,2.706760471398563
4.120000000000004,2.572962121967616
1.460000000000002,1.8372246592251862
1.77,1.4773498730523134
1.340000000000003,1.4422422215645865
2.3899999999999904,2.3308042292425926
3.3099999999999943,2.3091005896676093
1.92,1.9704112339051154
1.59,2.4881563445685
1.6999999999999944,1.9870998720964133
5.202794043412223,2.7806956506851535
4.248407356002223,2.782143240722345
1.3300000000000052,1.482720733227883
1.520000000000003,1.8520595204317811
1.529999999999999,1.6962958725088377
1.460000000000002,2.0416799583874745
2.4100000000000086,2.351827045296302
1.289999999999998,2.0209716115203484
1.219999999999999,2.1652526454564702
1.3899999999999937,1.4999217332376564
1.7599999999999956,2.2838203944915056
1.0500000000000025,1.9715711993872906
4.549224376733334,2.570539666425263
1.8700000000000032,2.0475717636611646
2.620000000000004,3.0295830896350906
2.689999999999998,2.0673084514042723
1.8799999999999968,1.7510408325865994
2.7099999999999915,2.213424333296051
1.0800000000000034,1.7411970375790649
1.0600000000000018,2.0764448720284765
2.790000000000009,2.1132602809716032
3.170000000000001,2.883731386557684
1.3100000000000018,2.4227299181213473
1.6500000000000004,2.5476227606456776
2.5199999999999947,2.066369452308794
1.5,2.640995028953985
1.689999999999998,2.272754031781991
1.0500000000000025,2.628998332840818
4.943909426987222,2.7655722737621797
1.3700000000000032,2.2284209737008314
1.720000000000004,2.1609742545306694
1.4300000000000048,1.836893247195571
2.879999999999997,2.1752008769285927
1.4199999999999944,2.2168420584524156
3.812497225306673,2.597402789320686
1.4399999999999984,2.0333602115663565
1.030000000000001,2.042039221629564
4.820000000000017,2.0257073356547655
2.6600000000000104,2.053153857959889
1.289999999999998,2.313350928032476
1.3600000000000063,2.3879612266843164
1.2700000000000038,1.8992765111517846
1.1999999999999966,1.8972797487823465
0.9900000000000008,1.9102572331714107
1.529999999999999,2.0833893397899472
1.169999999999996,1.8719913094887952
1.3600000000000063,1.7999185839938958
1.4900000000000038,1.6784098723934018
1.0500000000000025,1.6959670358131949
2.240000000000005,1.7001355515710976
2.430000000000005,2.391174409336826
1.3700000000000032,2.2287003707383306
1.0399999999999994,1.4771713219960534
